Encounter frames while using rods in Pokemon R/S

Do NOT use this for the Safari Zone

If you're fishing inside the Abandoned Ship use the grass encounters list instead, as they use the same threshold
While fishing inside Seafloor Caven or Shoal Cave use the cave encounters list instead

Frame
0
18
32
44
46
56
60
64
65
66
67
90
99
102
104
111
126
129
134
142
149
151
166
167
168
187
189
191
197
201
209
220
222
224
229
233
242
244
245
251
252
257
259
264
265
269
285
287
294
301
304
306
308
313
322
333
338
359
360
367
382
385
390
395
403
410
412
414
428
433
435
448
470
473
476
477
480
482
488
492
493
495
498
502
504
507
510
513
535
541
546
551
554
559
560
564
566
574
580
588
592
600
608
614
622
636
641
648
657
658
662
669
696
697
713
714
736
738
753
762
764
769
784
794
797
803
811
812
816
821
822
827
837
857
864
866
867
870
877
882
887
899
900
913
915
917
926
932
940
944
956
959
963
965
969
973
981
984
989
999
1008
1018
1031
1044
1046
1048
1056
1064
1066
1074
1086
1089
1098
1100
1101
1110
1112
1115
1116
1118
1121
1130
1132
1133
1143
1148
1152
1153
1160
1162
1174
1181
1192
1194
1202
1204
1212
1220
1227
1237
1242
1248
1249
1250
1255
1257
1259
1264
1271
1280
1281
1286
1287
1294
1295
1297
1298
1305
1309
1327
1329
1337
1343
1346
1350
1351
1357
1363
1365
1367
1375
1380
1381
1382
1384
1389
1390
1395
1415
1417
1422
1426
1428
1431
1435
1437
1446
1447
1448
1449
1453
1455
1458
1461
1462
1466
1473
1485
1486
1487
1493
1497
1498
1504
1510
1518
1520
1526
1531
1534
1546
1548
1549
1555
1565
1568
1569
1575
1576
1585
1593
1599
1606
1614
1625
1626
1627
1628
1632
1633
1653
1654
1655
1660
1661
1693
1694
1698
1703
1713
1718
1720
1729
1745
1747
1752
1754
1763
1768
1770
1773
1784
1792
1793
1802
1804
1809
1821
1826
1828
1830
1837
1840
1842
1865
1871
1878
1898
1912
1916
1922
1928
1930
1932
1936
1944
1945
1956
1959
1966
1968
1974
1988
1999
2005
2006
2012
2017
2020
2022
2023
2030
2046
2050
2053
2055
2058
2070
2079
2102
2107
2111
2112
2114
2115
2118
2119
2120
2123
2132
2135
2139
2141
2149
2150
2153
2168
2169
2177
2178
2182
2183
2195
2197
2202
2206
2210
2221
2222
2233
2234
2237
2246
2268
2271
2279
2281
2284
2286
2294
2295
2299
2304
2308
2315
2321
2324
2343
2349
2355
2358
2366
2370
2374
2375
2376
2379
2381
2392
2400
2406
2418
2421
2433
2440
2458
2459
2460
2463
2467
2471
2472
2479
2489
2491
2496
2497
2498
2499
2504
2508
2513
2515
2519
2530
2536
2540
2557
2558
2559
2565
2574
2583
2586
2587
2594
2598
2599
2606
2613
2623
2634
2642
2660
2661
2667
2674
2678
2682
2685
2689
2693
2694
2697
2707
2710
2712
2714
2717
2718
2721
2725
2728
2733
2736
2742
2753
2756
2761
2767
2772
2781
2786
2794
2795
2796
2800
2811
2821
2822
2824
2827
2838
2848
2860
2861
2871
2893
2898
2902
2918
2926
2929
2931
2933
2936
2942
2945
2947
2952
2961
2966
2971
2974
2979
2985
2987
2989
2990
2996
2998
3003
3008
3014
3017
3036
3057
3074
3083
3089
3091
3094
3096
3099
3101
3102
3104
3106
3107
3111
3116
3118
3121
3123
3124
3127
3147
3156
3157
3163
3165
3176
3180
3182
3190
3192
3214
3218
3227
3236
3237
3241
3248
3253
3259
3264
3273
3274
3277
3280
3295
3314
3315
3327
3334
3336
3341
3346
3350
3351
3362
3373
3379
3381
3386
3389
3396
3407
3409
3414
3419
3432
3437
3445
3447
3452
3460
3461
3464
3473
3478
3480
3482
3486
3490
3495
3498
3504
3510
3511
3517
3521
3522
3526
3527
3529
3531
3537
3545
3548
3562
3568
3576
3581
3597
3615
3620
3621
3622
3633
3645
3649
3659
3670
3672
3675
3678
3679
3693
3696
3698
3705
3706
3708
3711
3717
3723
3724
3729
3732
3734
3737
3738
3740
3741
3749
3754
3757
3758
3766
3779
3780
3792
3800
3802
3805
3810
3838
3839
3850
3855
3860
3872
3874
3883
3885
3890
3899
3905
3906
3910
3914
3916
3924
3925
3933
3955
3962
3970
3975
3976
3979
3983
3986
3987
3990
3995
3997
4004
4006
4012
4021
4022
4023
4033
4038
4039
4043
4049
4054
4059
4062
4067
4088
4100
4107
4110
4125
4126
4141
4143
4146
4174
4182
4186
4190
4199
4200
4205
4207
4209
4212
4221
4226
4235
4266
4270
4272
4275
4280
4296
4297
4303
4306
4311
4313
4316
4340
4346
4352
4362
4364
4368
4370
4371
4375
4376
4381
4400
4409
4412
4420
4422
4429
4436
4450
4452
4457
4458
4461
4467
4473
4479
4488
4495
4496
4497
4498
4500
4503
4504
4509
4525
4526
4527
4533
4534
4536
4538
4541
4559
4564
4569
4574
4583
4598
4612
4615
4617
4622
4653
4662
4663
4665
4672
4679
4684
4686
4687
4703
4705
4711
4713
4719
4720
4721
4722
4723
4735
4738
4740
4760
4772
4773
4775
4778
4786
4790
4792
4798
4801
4802
4808
4825
4828
4831
4843
4846
4858
4859
4869
4874
4879
4886
4888
4900
4906
4911
4913
4919
4921
4922
4924
4925
4926
4929
4942
4944
4946
4949
4952
4971
4974
4976
4977
4978
4980
4991
5012
5015
5022
5047
5050
5054
5055
5056
5073
5076
5083
5085
5089
5104
5109
5112
5120
5125
5129
5138
5142
5147
5157
5159
5167
5171
5178
5184
5193
5200
5217
5230
5238
5240
5245
5247
5249
5251
5257
5263
5281
5283
5284
5287
5297
5309
5313
5316
5321
5322
5327
5347
5361
5364
5376
5380
5387
5391
5392
5393
5400
5402
5412
5416
5420
5430
5437
5438
5444
5447
5448
5455
5457
5459
5466
5483
5488
5490
5504
5509
5511
5519
5525
5529
5534
5536
5537
5541
5544
5552
5555
5559
5570
5574
5577
5583
5584
5585
5588
5589
5593
5596
5600
5602
5607
5609
5614
5623
5628
5629
5633
5658
5661
5669
5670
5672
5674
5690
5692
5693
5694
5695
5708
5710
5718
5719
5720
5724
5727
5739
5757
5759
5768
5772
5785
5786
5787
5791
5795
5801
5806
5807
5809
5822
5824
5826
5840
5848
5854
5868
5881
5887
5896
5928
5933
5935
5948
5991
6003
6022
6035
6036
6037
6047
6048
6051
6056
6058
6059
6060
6067
6078
6084
6092
6108
6110
6115
6126
6127
6145
6148
6154
6156
6158
6159
6164
6166
6172
6181
6184
6186
6189
6192
6202
6214
6215
6217
6224
6229
6243
6247
6250
6251
6259
6269
6273
6282
6284
6297
6306
6315
6319
6322
6337
6341
6343
6344
6347
6355
6361
6363
6373
6378
6382
6384
6389
6391
6398
6413
6415
6420
6438
6452
6453
6456
6459
6464
6466
6470
6478
6479
6481
6496
6500
6501
6505
6512
6515
6518
6530
6531
6533
6535
6542
6550
6558
6561
6562
6580
6591
6593
6599
6607
6610
6613
6636
6637
6639
6649
6653
6657
6664
6673
6680
6682
6691
6694
6698
6702
6712
6722
6731
6735
6742
6748
6755
6757
6768
6774
6778
6782
6797
6802
6808
6809
6811
6815
6819
6820
6831
6833
6835
6837
6843
6848
6851
6857
6859
6863
6865
6878
6883
6885
6887
6895
6899
6900
6906
6907
6925
6926
6928
6933
6935
6943
6947
6950
6952
6957
6958
6962
6976
6980
6985
7002
7008
7010
7032
7034
7038
7041
7043
7045
7046
7058
7062
7063
7068
7083
7099
7104
7107
7117
7123
7131
7132
7145
7148
7160
7168
7175
7176
7177
7186
7212
7215
7218
7230
7233
7234
7238
7239
7253
7254
7259
7283
7291
7294
7302
7303
7311
7314
7315
7318
7319
7321
7328
7337
7340
7346
7350
7353
7360
7365
7369
7372
7383
7400
7404
7407
7410
7418
7422
7430
7445
7455
7459
7468
7471
7472
7473
7481
7484
7486
7494
7505
7511
7522
7523
7532
7538
7541
7558
7570
7576
7583
7585
7588
7599
7603
7604
7606
7627
7637
7646
7653
7661
7665
7670
7675
7691
7694
7699
7705
7715
7724
7730
7731
7733
7745
7748
7750
7751
7752
7759
7760
7779
7780
7792
7807
7818
7823
7831
7839
7841
7868
7870
7874
7875
7876
7886
7892
7895
7898
7901
7903
7916
7921
7924
7942
7966
7970
7975
7980
7983
7992
7996
8008
8016
8017
8018
8022
8025
8028
8034
8049
8071
8077
8078
8095
8107
8112
8127
8135
8136
8147
8151
8156
8172
8178
8179
8180
8181
8193
8195
8202
8205
8206
8213
8225
8229
8230
8236
8241
8250
8255
8271
8282
8314
8333
8338
8341
8343
8347
8356
8366
8368
8379
8381
8382
8388
8399
8400
8403
8422
8447
8448
8450
8451
8455
8461
8467
8469
8477
8479
8482
8487
8494
8496
8501
8503
8509
8517
8535
8537
8546
8549
8565
8575
8587
8595
8610
8613
8619
8624
8625
8635
8641
8646
8661
8666
8668
8670
8674
8676
8685
8698
8714
8729
8739
8750
8763
8765
8789
8814
8822
8826
8838
8840
8849
8862
8877
8880
8886
8900
8903
8908
8909
8922
8933
8938
8943
8961
8965
8992
8994
9007
9016
9019
9021
9032
9040
9043
9048
9054
9068
9076
9079
9083
9085
9090
9097
9099
9107
9109
9120
9121
9129
9136
9142
9147
9153
9157
9168
9172
9186
9192
9200
9204
9215
9218
9219
9220
9222
9238
9243
9244
9245
9252
9260
9266
9268
9271
9281
9288
9296
9297
9301
9306
9309
9313
9317
9318
9321
9333
9341
9346
9349
9352
9354
9355
9360
9367
9373
9376
9378
9390
9400
9416
9420
9421
9429
9431
9432
9442
9444
9448
9453
9461
9465
9466
9473
9481
9490
9499
9504
9506
9530
9535
9536
9537
9550
9556
9562
9577
9586
9588
9589
9592
9595
9603
9607
9610
9611
9618
9623
9638
9641
9646
9648
9652
9659
9676
9681
9682
9683
9685
9687
9688
9691
9701
9702
9709
9710
9715
9724
9743
9744
9745
9749
9753
9762
9764
9767
9769
9772
9791
9793
9799
9808
9809
9815
9823
9834
9835
9841
9845
9847
9848
9859
9870
9871
9878
9882
9893
9895
9902
9903
9913
9925
9928
9938
9941
9944
9945
9951
9957
9961
9962
9972
9977
9983
9997
10001
10002
10010
10011
10016
10020
10040
10043
10047
10048
10050
10061
10062
10068
10074
10076
10083
10089
10090
10095
10097
10098
10101
10104
10112
10119
10120
10131
10138
10142
10144
10164
10166
10167
10175
10179
10181
10184
10189
10191
10192
10194
10206
10208
10218
10224
10230
10239
10245
10249
10254
10261
10265
10269
10289
10301
10321
10337
10340
10352
10357
10360
10369
10391
10396
10399
10401
10406
10408
10419
10423
10426
10428
10430
10434
10438
10439
10442
10445
10448
10450
10455
10457
10468
10474
10479
10480
10484
10488
10497
10506
10507
10521
10529
10530
10533
10534
10547
10555
10557
10564
10566
10569
10572
10575
10576
10579
10587
10591
10592
10595
10599
10600
10601
10620
10621
10636
10642
10651
10671
10678
10686
10689
10698
10703
10704
10719
10720
10724
10730
10741
10744
10750
10751
10755
10757
10758
10759
10761
10764
10780
10781
10782
10787
10795
10797
10810
10813
10817
10818
10827
10834
10841
10847
10854
10855
10860
10872
10874
10879
10894
10907
10914
10915
10919
10924
10926
10937
10938
10941
10944
10960
10974
10977
10979
10983
10989
10992
10995
10996
10999
11007
11012
11021
11033
11036
11038
11049
11050
11052
11056
11057
11064
11068
11071
11084
11091
11095
11098
11107
11111
11114
11133
11138
11154
11155
11158
11162
11180
11183
11185
11188
11195
11196
11197
11210
11212
11214
11224
11229
11234
11240
11241
11247
11250
11261
11265
11266
11267
11273
11277
11281
11291
11293
11295
11301
11309
11311
11312
11319
11326
11327
11331
11332
11335
11337
11340
11346
11349
11362
11366
11374
11384
11385
11386
11390
11392
11405
11412
11414
11435
11439
11441
11456
11459
11460
11468
11473
11475
11490
11498
11516
11523
11524
11531
11540
11559
11564
11576
11584
11585
11586
11596
11610
11618
11629
11635
11638
11640
11642
11649
11669
11674
11675
11681
11682
11684
11685
11688
11692
11707
11715
11724
11735
11745
11746
11754
11756
11772
11788
11789
11794
11795
11797
11800
11802
11811
11812
11839
11853
11856
11862
11865
11866
11870
11871
11891
11905
11907
11910
11912
11928
11934
11936
11942
11945
11950
11960
11961
11966
11979
11980
11986
11994
11999
12004
12006
12015
12018
12033
12041
12042
12044
12080
12083
12085
12087
12098
12107
12109
12113
12122
12146
12147
12149
12152
12155
12160
12165
12174
12179
12184
12195
12198
12202
12204
12218
12229
12230
12231
12232
12257
12258
12261
12265
12272
12285
12287
12291
12295
12301
12317
12318
12319
12324
12334
12335
12337
12352
12353
12354
12355
12357
12365
12366
12373
12376
12377
12378
12398
12418
12428
12430
12434
12436
12443
12455
12458
12467
12473
12476
12477
12480
12485
12487
12492
12494
12501
12504
12505
12513
12514
12515
12516
12526
12530
12548
12550
12552
12556
12563
12565
12567
12569
12574
12575
12581
12583
12585
12592
12595
12597
12600
12609
12611
12620
12629
12633
12636
12637
12640
12646
12653
12654
12655
12659
12672
12680
12683
12684
12688
12694
12696
12700
12702
12706
12710
12712
12715
12716
12721
12722
12730
12744
12752
12755
12767
12768
12775
12780
12781
12782
12783
12789
12792
12798
12800
12803
12804
12808
12812
12814
12820
12822
12829
12837
12846
12860
12862
12864
12869
12877
12888
12890
12891
12893
12904
12908
12910
12912
12914
12916
12926
12929
12937
12944
12947
12950
12952
12954
12956
12959
12966
12970
12989
12991
12995
12996
13004
13006
13007
13008
13009
13011
13012
13015
13017
13022
13029
13033
13037
13038
13040
13045
13061
13064
13067
13069
13070
13072
13076
13088
13092
13093
13097
13121
13123
13151
13154
13163
13166
13175
13178
13189
13190
13192
13195
13196
13203
13211
13226
13228
13229
13230
13250
13259
13277
13283
13294
13309
13311
13314
13326
13332
13342
13353
13364
13378
13379
13381
13382
13389
13391
13394
13396
13401
13403
13408
13411
13412
13416
13419
13422
13427
13439
13452
13454
13471
13484
13490
13491
13498
13499
13503
13533
13540
13541
13543
13546
13548
13551
13552
13554
13557
13560
13569
13602
13603
13604
13605
13610
13614
13616
13620
13625
13627
13632
13633
13636
13663
13673
13676
13689
13696
13698
13703
13712
13718
13720
13724
13731
13735
13737
13748
13752
13757
13759
13761
13765
13767
13772
13774
13780
13790
13800
13802
13821
13826
13834
13839
13845
13875
13878
13879
13885
13889
13905
13925
13927
13933
13941
13949
13951
13956
13960
13965
13975
13992
13993
13994
14000
14002
14008
14012
14018
14027
14052
14061
14062
14063
14070
14076
14078
14082
14092
14093
14094
14098
14109
14110
14113
14120
14129
14147
14169
14181
14184
14185
14189
14200
14211
14214
14217
14218
14231
14235
14241
14247
14248
14258
14263
14264
14269
14275
14285
14297
14298
14299
14300
14304
14306
14307
14314
14315
14318
14331
14342
14343
14355
14365
14368
14371
14377
14380
14385
14401
14402
14409
14410
14422
14431
14434
14436
14443
14448
14454
14455
14461
14478
14479
14481
14495
14499
14507
14516
14517
14518
14526
14528
14535
14537
14540
14549
14558
14559
14560
14562
14570
14571
14574
14575
14579
14581
14584
14592
14594
14596
14598
14605
14608
14616
14617
14653
14669
14670
14672
14675
14684
14688
14696
14714
14720
14724
14725
14734
14737
14748
14763
14781
14782
14792
14812
14818
14820
14822
14824
14826
14833
14835
14844
14856
14857
14886
14890
14891
14921
14934
14939
14945
14949
14952
14953
14955
14960
14967
14968
14969
14970
14972
14973
14975
14980
14986
14993
15001
15002
15013
15015
15042
15043
15049
15050
15054
15061
15063
15076
15081
15082
15090
15094
15099
15100
15105
15112
15116
15119
15121
15124
15127
15143
15145
15160
15167
15168
15178
15180
15188
15191
15195
15196
15198
15202
15205
15214
15232
15235
15242
15261
15262
15270
15280
15282
15286
15289
15290
15295
15298
15301
15302
15303
15304
15305
15307
15308
15318
15322
15326
15335
15338
15339
15344
15347
15349
15351
15352
15353
15373
15374
15386
15387
15395
15410
15411
15412
15424
15429
15431
15444
15447
15451
15473
15483
15487
15491
15496
15498
15499
15504
15507
15510
15517
15535
15543
15547
15552
15556
15565
15568
15574
15582
15590
15591
15592
15594
15596
15602
15605
15608
15614
15624
15643
15647
15657
15662
15664
15666
15667
15673
15679
15687
15695
15699
15705
15723
15730
15734
15740
15750
15752
15756
15770
15771
15778
15785
15791
15794
15796
15802
15804
15805
15809
15818
15820
15823
15830
15833
15836
15850
15852
15858
15860
15862
15868
15869
15874
15881
15886
15913
15915
15922
15933
15944
15947
15956
15962
15967
15971
15975
15984
15992
15997
