Here are the encounter frames for Route 119 (grass) in Pokemon R/S

Frame
0
18
32
46
56
67
90
99
129
134
166
167
168
187
189
197
201
220
222
224
242
244
252
259
269
285
287
301
308
313
322
333
338
359
390
395
403
410
414
428
473
482
488
493
495
502
513
546
564
592
600
636
648
657
658
696
697
714
738
753
762
764
769
784
794
797
803
821
822
837
864
866
867
899
915
926
932
944
956
959
963
965
969
989
1044
1046
1056
1066
1089
1110
1130
1132
1143
1148
1152
1153
1162
1192
1202
1237
1242
1250
1255
1280
1287
1295
1298
1305
1329
1337
1343
1350
1351
1363
1367
1375
1381
1417
1422
1435
1446
1447
1449
1455
1458
1461
1462
1473
1486
1493
1497
1510
1518
1520
1531
1534
1548
1568
1569
1585
1599
1614
1627
1628
1632
1633
1653
1660
1661
1693
1694
1698
1720
1729
1745
1747
1763
1768
1784
1793
1802
1809
1821
1837
1840
1898
1916
1928
1930
1932
1936
1944
1956
1959
1966
2005
2006
2012
2017
2022
2023
2053
2058
2079
2102
2112
2115
2119
2120
2135
2139
2150
2168
2169
2177
2182
2183
2195
2197
2202
2221
2222
2271
2281
2284
2294
2299
2304
2343
2349
2355
2370
2374
2375
2376
2392
2400
2418
2421
2433
2467
2471
2489
2504
2540
2559
2574
2587
2594
2598
2613
2634
2660
2667
2678
2682
2685
2694
2707
2710
2712
2718
2721
2733
2742
2756
2767
2781
2794
2811
2821
2827
2838
2861
2893
2898
2931
2936
2942
2945
2952
2961
2971
2979
2985
2987
2989
2996
3014
3057
3074
3089
3094
3096
3102
3106
3107
3123
3124
3127
3147
3156
3163
3182
3190
3214
3227
3237
3241
3253
3273
3274
3280
3295
3315
3336
3351
3373
3396
3407
3414
3432
3437
3445
3447
3452
3461
3464
3473
3482
3495
3498
3504
3510
3517
3526
3527
3529
3537
3545
3562
3568
3576
3597
3615
3621
3670
3675
3679
3705
3708
3711
3729
3734
3740
3757
3766
3792
3802
3850
3855
3860
3874
3883
3906
3916
3924
3955
3970
3975
3976
3979
3983
3997
4012
4021
4023
4033
4038
4043
4062
4067
4088
4100
4125
4143
4146
4174
4186
4190
4199
4207
4212
4275
4280
4303
4316
4340
4362
4364
4368
4370
4375
4376
4400
4409
4420
4422
4429
4436
4450
4461
4467
4473
4479
4495
4496
4500
4503
4504
4509
4533
4534
4536
4538
4541
4564
4569
4583
4617
4663
4672
4679
4684
4687
4713
4719
4720
4721
4723
4735
4740
4772
4802
4825
4828
4831
4843
4858
4859
4874
4886
4888
4900
4911
4913
4919
4929
4942
4944
4946
4974
4976
4977
4980
5012
5015
5050
5055
5076
5083
5109
5112
5120
5129
5138
5142
5147
5157
5171
5200
5217
5230
5240
5245
5247
5251
5297
5309
5321
5347
5380
5387
5393
5400
5412
5416
5420
5430
5437
5447
5448
5455
5483
5488
5504
5525
5534
5537
5552
5555
5559
5574
5577
5583
5584
5588
5589
5593
5596
5602
5607
5633
5669
5672
5693
5708
5710
5718
5719
5720
5727
5739
5757
5768
5785
5786
5787
5791
5801
5809
5826
5840
5848
5854
5881
5887
5896
5928
5933
6003
6022
6035
6037
6051
6056
6058
6059
6067
6078
6092
6127
6145
6158
6159
6164
6166
6189
6214
6215
6224
6229
6250
6251
6273
6306
6315
6319
6337
6343
6344
6347
6355
6378
6398
6415
6420
6438
6456
6459
6464
6470
6478
6481
6496
6500
6505
6512
6515
6518
6530
6531
6542
6550
6558
6561
6599
6607
6637
6649
6653
6657
6664
6680
6682
6698
6735
6742
6797
6802
6811
6819
6820
6833
6835
6837
6851
6859
6883
6885
6900
6906
6928
6952
6962
6980
6985
7002
7008
7010
7032
7043
7045
7046
7058
7068
7104
7107
7132
7145
7148
7160
7175
7176
7186
7212
7215
7238
7239
7253
7254
7283
7302
7303
7315
7321
7328
7337
7346
7353
7360
7400
7410
7418
7422
7445
7468
7473
7481
7494
7505
7511
7538
7576
7588
7599
7603
7604
7606
7627
7637
7665
7724
7730
7731
7751
7760
7807
7818
7823
7839
7841
7870
7875
7876
7886
7901
7903
7921
7942
7970
7975
8008
8016
8017
8018
8025
8107
8112
8127
8135
8136
8147
8151
8156
8178
8181
8193
8206
8213
8225
8229
8236
8250
8271
8314
8333
8341
8343
8356
8379
8382
8388
8399
8448
8461
8467
8477
8479
8482
8487
8509
8517
8535
8546
8549
8587
8610
8685
8698
8714
8750
8763
8765
8822
8840
8877
8886
8903
8908
8909
8922
8938
8943
8965
9007
9048
9068
9076
9079
9085
9090
9097
9099
9109
9121
9129
9136
9147
9192
9204
9220
9222
9243
9252
9260
9266
9271
9281
9288
9317
9318
9321
9333
9346
9354
9360
9378
9390
9421
9429
9444
9453
9461
9465
9473
9506
9530
9537
9550
9562
9577
9592
9610
9638
9652
9659
9676
9681
9683
9685
9688
9691
9701
9710
9715
9724
9743
9749
9753
9762
9764
9769
9772
9791
9823
9834
9841
9845
9847
9848
9859
9870
9871
9882
9895
9903
9913
9928
9941
9945
9951
9972
9977
9983
9997
10001
10010
10020
10050
10061
10074
10083
10089
10090
10095
10097
10101
10112
10120
10131
10164
10166
10167
10179
10184
10192
10206
10230
10239
10254
10265
10289
10301
10391
10396
10406
10408
10419
10423
10426
10430
10445
10468
10474
10480
10484
10488
10507
10529
10533
10555
10569
10575
10576
10587
10591
10599
10601
10620
10621
10636
10686
10689
10703
10704
10741
10750
10751
10755
10764
10781
10787
10795
10797
10813
10817
10818
10841
10854
10860
10879
10894
10919
10937
10938
10944
10960
10974
10977
10989
10992
10995
11007
11012
11033
11049
11052
11057
11064
11068
11091
11095
11098
11107
11138
11180
11195
11210
11229
11247
11261
11265
11273
11277
11295
11311
11319
11331
11332
11335
11340
11346
11349
11362
11384
11385
11390
11392
11405
11414
11439
11459
11460
11468
11473
11475
11523
11540
11564
11576
11584
11586
11635
11642
11649
11675
11682
11685
11688
11707
11715
11735
11745
11746
11772
11788
11789
11802
11811
11812
11853
11862
11865
11866
11871
11905
11907
11936
11942
11960
11961
11980
12004
12006
12015
12041
12044
12083
12085
12087
12107
12146
12149
12152
12155
12160
12198
12202
12218
12229
12231
12261
12265
12287
12291
12301
12318
12324
12337
12352
12353
12354
12365
12373
12430
12443
12467
12476
12477
12501
12505
12514
12515
12526
12548
12550
12552
12556
12565
12567
12569
12574
12575
12583
12592
12595
12600
12629
12636
12637
12640
12653
12654
12659
12680
12683
12684
12688
12694
12700
12712
12715
12716
12730
12744
12752
12755
12775
12781
12782
12804
12820
12822
12837
12846
12862
12864
12869
12888
12890
12891
12893
12904
12908
12910
12912
12916
12937
12950
12954
12956
12995
12996
13004
13006
13007
13008
13011
13012
13015
13037
13040
13064
13067
13069
13072
13076
13093
13121
13123
13151
13163
13166
13175
13178
13195
13196
13228
13229
13230
13294
13309
13311
13342
13353
13379
13382
13389
13391
13412
13416
13422
13427
13439
13491
13498
13503
13546
13551
13552
13557
13602
13603
13604
13605
13625
13627
13689
13698
13703
13712
13724
13735
13752
13761
13765
13767
13772
13800
13802
13821
13845
13879
13885
13889
13905
13925
13933
13941
13951
13956
13975
13993
13994
14000
14018
14062
14063
14070
14082
14092
14093
14098
14120
14181
14200
14235
14241
14247
14258
14264
14285
14297
14298
14299
14306
14315
14343
14368
14377
14402
14431
14434
14436
14443
14448
14455
14461
14479
14481
14495
14507
14516
14518
14526
14535
14537
14549
14558
14560
14562
14570
14579
14581
14594
14596
14605
14617
14670
14672
14675
14688
14696
14720
14724
14725
14763
14781
14792
14818
14822
14826
14833
14835
14856
14890
14921
14934
14945
14953
14960
14967
14968
14969
14972
14973
14975
14986
14993
15001
15002
15042
15050
15054
15061
15063
15076
15094
15105
15116
15119
15124
15145
15160
15178
15188
15195
15198
15202
15205
15214
15232
15261
15280
15282
15286
15290
15295
15301
15302
15304
15305
15307
15318
15322
15326
15386
15387
15395
15411
15424
15431
15444
15447
15451
15483
15491
15496
15504
15507
15517
15535
15543
15552
15556
15591
15594
15596
15602
15608
15614
15624
15666
15679
15687
15699
15723
15770
15778
15791
15794
15802
15805
15818
15820
15823
15830
15850
15862
15868
15874
15881
15886
15944
15947
15956
15962
15971
15975
15984
15992
16007
16008
16024
16030
16032
16038
16041
16043
