Here are the Surfing encounters for the Safari Zone in Pokemon R/S

Frame
0
32
56
67
90
129
134
167
187
197
201
222
242
244
252
259
285
287
313
333
338
359
390
410
414
488
493
495
502
546
592
648
657
696
697
714
738
753
762
794
822
837
864
866
915
926
932
956
963
965
969
989
1046
1066
1089
1110
1132
1143
1148
1152
1162
1192
1202
1242
1250
1255
1298
1305
1329
1350
1351
1363
1367
1375
1381
1417
1422
1435
1446
1447
1449
1455
1473
1510
1518
1520
1531
1534
1568
1569
1585
1627
1628
1632
1633
1660
1661
1693
1694
1720
1729
1745
1747
1763
1784
1809
1898
1928
1930
1932
1936
1959
2005
2006
2022
2023
2079
2102
2119
2135
2150
2168
2169
2177
2183
2197
2202
2294
2299
2304
2343
2349
2355
2370
2374
2376
2392
2421
2489
2540
2559
2587
2667
2678
2685
2694
2712
2718
2721
2733
2767
2781
2794
2821
2827
2893
2898
2931
2936
2942
2952
2961
2971
2979
2985
2987
2989
2996
3074
3089
3096
3106
3107
3123
3127
3214
3227
3237
3274
3351
3396
3407
3414
3432
3437
3445
3461
3473
3495
3504
3527
3529
3537
3545
3562
3576
3597
3615
3621
3670
3675
3679
3705
3708
3711
3729
3734
3740
3757
3850
3874
3916
3924
3970
3975
3976
3979
3983
3997
4021
4043
4062
4100
4146
4174
4190
4199
4207
4212
4275
4280
4316
4340
4364
4370
4375
4376
4400
4409
4420
4429
4436
4450
4461
4473
4479
4495
4496
4503
4509
4533
4534
4538
4564
4569
4617
4672
4679
4713
4720
4721
4740
4772
4802
4828
4831
4859
4874
4911
4919
4929
4942
4944
4946
4974
4980
5050
5055
5083
5109
5129
5138
5142
5171
5230
5247
5297
5309
5321
5347
5387
5393
5400
5416
5420
5447
5448
5455
5504
5525
5534
5552
5555
5559
5574
5583
5589
5596
5607
5669
5672
5693
5708
5710
5719
5720
5727
5757
5768
5786
5791
5801
5826
5848
5854
5881
5887
5896
5928
5933
6003
6022
6035
6037
6051
6056
6059
6092
6127
6166
6214
6215
6224
6229
6273
6315
6344
6347
6355
6398
6415
6470
6496
6500
6505
6512
6515
6518
6531
6542
6550
6558
6561
6607
6637
6680
6682
6735
6742
6802
6819
6820
6833
6835
6837
6859
6883
6885
6962
6980
7008
7010
7043
7058
7068
7107
7132
7148
7186
7238
7239
7283
7303
7315
7321
7337
7353
7410
7422
7445
7468
7473
7494
7505
7576
7599
7603
7604
7606
7627
7751
7760
7807
7839
7870
7875
7876
7901
7903
7975
8008
8017
8018
8107
8112
8127
8135
8136
8147
8151
8156
8193
8206
8213
8225
8236
8250
8314
8341
8343
8379
8467
8477
8479
8482
8509
8517
8698
8714
8750
8765
8822
8840
8877
8922
8943
9048
9076
9085
9090
9097
9129
9136
9147
9192
9220
9252
9260
9266
9271
9281
9317
9318
9321
9333
9346
9354
9360
9378
9390
9421
9453
9461
9465
9473
9530
9550
9562
9577
9592
9610
9676
9688
9691
9749
9762
9764
9769
9772
9791
9823
9834
9841
9845
9847
9848
9859
9870
9871
9882
9895
9903
9913
9928
9941
9945
9972
9983
10001
10050
10083
10089
10090
10097
10101
10112
10120
10131
10184
10206
10230
10254
10289
10396
10406
10408
10423
10426
10445
10507
10529
10555
10569
10575
10576
10587
10591
10620
10621
10703
10704
10741
10755
10764
10787
10795
10797
10813
10817
10818
10841
10860
10879
10919
10937
10938
10944
10974
10989
10995
11007
11033
11049
11052
11057
11064
11091
11098
11107
11138
11180
11229
11261
11265
11273
11277
11295
11319
11332
11346
11362
11384
11385
11390
11405
11414
11439
11460
11468
11473
11540
11576
11584
11586
11635
11642
11649
11675
11715
11735
11745
11788
11802
11811
11853
11862
11865
11866
11871
11905
11907
11936
11960
11961
11980
12004
12006
12015
12041
12044
12085
12087
12107
12146
12149
12152
12198
12202
12218
12229
12231
12261
12265
12287
12291
12301
12318
12353
12373
12430
12443
12467
12476
12477
12501
12526
12548
12552
12556
12565
12567
12569
12575
12636
12637
12640
12654
12659
12680
12683
12684
12700
12712
12715
12716
12730
12744
12752
12755
12781
12782
12804
12822
12837
12862
12869
12888
12910
12912
12950
12954
12956
13004
13006
13008
13011
13012
13015
13040
13072
13076
13163
13175
13195
13228
13230
13294
13309
13311
13353
13379
13382
13389
13412
13422
13427
13439
13491
13498
13503
13551
13552
13602
13603
13604
13605
13627
13703
13735
13761
13765
13767
13772
13800
13821
13879
13885
13905
13925
13941
13951
13956
13994
14062
14063
14070
14082
14093
14120
14181
14200
14235
14241
14247
14258
14264
14298
14306
14315
14343
14368
14377
14402
14431
14434
14436
14448
14455
14481
14537
14549
14570
14581
14605
14670
14675
14720
14724
14725
14763
14781
14822
14826
14835
14921
14945
14960
14967
14968
14973
14975
14986
14993
15050
15054
15061
15063
15105
15119
15124
15160
15178
15202
15205
15261
15280
15286
15295
15302
15305
15326
15387
15444
15447
15451
15483
15491
15496
15504
15535
15556
15591
15596
15608
15614
15624
15679
15687
15723
15770
15791
15818
15820
15823
15830
15850
15868
15874
15881
15947
15956
15962
15971
15975
