Here are the encounters for Surfing = Diving (seaweed encounters) in Pokemon R/S

Keep in mind that Seafloor Cavern and Cave of Origin use this same encounter rate while you're on ground, so use this list for those

Frame
0
90
134
167
222
244
259
285
287
313
338
390
414
502
738
794
932
969
1046
1089
1143
1152
1242
1250
1298
1305
1350
1351
1363
1417
1446
1447
1455
1518
1520
1531
1585
1627
1628
1633
1661
1784
1898
1928
1930
1932
2006
2023
2079
2102
2119
2135
2168
2169
2183
2202
2299
2343
2355
2587
2667
2678
2718
2767
2942
2961
2979
2987
2989
2996
3074
3089
3106
3107
3227
3407
3414
3437
3445
3461
3495
3527
3562
3576
3597
3621
3670
3705
3729
3734
3916
3970
3975
3983
4021
4043
4062
4199
4280
4375
4376
4420
4429
4450
4461
4473
4479
4495
4503
4533
4534
4538
4740
4772
4831
4874
4919
4942
4980
5055
5083
5171
5247
5297
5309
5347
5387
5393
5400
5416
5420
5447
5525
5589
5607
5708
5710
5719
5727
5757
5768
5791
5848
5854
5881
5887
5896
5928
5933
6051
6056
6059
6315
6344
6347
6496
6500
6505
6515
6542
6550
6561
6607
6637
6680
6682
6735
6742
6802
6833
6859
6885
7008
7058
7132
7186
7239
7283
7303
7321
7494
7505
7627
7751
7839
7876
7903
8112
8127
8135
8136
8156
8225
8250
8314
8467
8477
8482
8698
8714
8840
9076
9085
9129
9192
9220
9260
9266
9318
9354
9360
9562
9592
9610
9691
9791
9823
9834
9841
9848
9870
9871
9895
9903
9913
9972
9983
10001
10090
10097
10112
10206
10289
10408
10555
10569
10591
10704
10741
10755
10764
10797
10818
10860
10937
11007
11033
11049
11052
11057
11064
11091
11098
11138
11180
11265
11295
11332
11346
11384
11385
11405
11414
11460
11468
11540
11586
11675
11735
11788
11862
11907
11936
12015
12044
12085
12107
12202
12229
12261
12287
12318
12353
12467
12501
12526
12548
12565
12567
12575
12636
12680
12683
12684
12700
12715
12716
12730
12755
12782
12804
12862
12888
12910
12912
12950
12954
12956
13008
13015
13072
13076
13309
13311
13389
13412
13427
13491
13552
13605
13767
13772
13800
13821
13879
13885
13951
13956
13994
14063
14093
14181
14258
14298
14315
14402
14431
14436
14448
14455
14481
14725
14826
14945
14968
14986
14993
15054
15063
15160
15202
15280
15286
15447
15491
15496
15504
15535
15556
15596
15614
15624
15679
15723
15818
15830
15850
15947
15956
15962
15971
